0 0.055195 0.575225 0.035279 0.142705
0 0.198020 0.472498 0.022761 0.105257
0 0.383237 0.504379 0.033572 0.124487
0 0.379822 0.583828 0.046091 0.123475
0 0.464322 0.652144 0.040970 0.175091
0 0.440992 0.459341 0.026175 0.121451
0 0.654855 0.576746 0.039951 0.152932
0 0.839847 0.498735 0.022581 0.111223
0 0.935383 0.604552 0.020844 0.128216
0 0.937120 0.504142 0.024318 0.100410
0 0.746048 0.434627 0.017370 0.075694
0 0.631405 0.410683 0.013896 0.080328
0 0.609258 0.390601 0.018239 0.077238
0 0.806410 0.365885 0.009554 0.049433