0 0.066558 0.445811 0.045455 0.173405
0 0.477273 0.212023 0.032468 0.105282
0 0.536120 0.178736 0.023539 0.066575
0 0.680195 0.249956 0.024351 0.075865
0 0.947646 0.345174 0.018669 0.061930
0 0.855925 0.340529 0.030032 0.089799
0 0.801948 0.329691 0.032468 0.080510
0 0.692776 0.208153 0.012175 0.051093
0 0.709010 0.198089 0.012175 0.052641
0 0.785308 0.240666 0.013799 0.075865
0 0.782873 0.288662 0.023539 0.072768
0 0.816558 0.256923 0.022727 0.052641
0 0.831575 0.297952 0.015422 0.088251
0 0.703734 0.208153 0.016234 0.060382