0 0.050325 0.367624 0.022727 0.137795
0 0.079140 0.311886 0.025162 0.113023
0 0.187500 0.254601 0.022727 0.113023
0 0.217127 0.191122 0.018669 0.072768
0 0.287338 0.207379 0.027597 0.092896
0 0.279627 0.355238 0.039773 0.147085
0 0.337662 0.288662 0.040584 0.143988
0 0.374594 0.260019 0.033279 0.126957
0 0.452110 0.211249 0.024351 0.094444
0 0.507305 0.206604 0.025974 0.094444
0 0.568182 0.270083 0.042208 0.125409
0 0.681412 0.253826 0.026786 0.092896
0 0.716721 0.421813 0.045455 0.165664
0 0.821023 0.230602 0.020292 0.055737