0 0.056006 0.433425 0.040584 0.164116
0 0.148945 0.282469 0.030032 0.137795
0 0.251218 0.268535 0.031656 0.125409
0 0.279627 0.202734 0.026786 0.080510
0 0.426948 0.284792 0.043831 0.145537
0 0.440341 0.174091 0.026786 0.078961
0 0.471997 0.162479 0.025162 0.071220
0 0.548295 0.245311 0.033279 0.106830
0 0.579545 0.392396 0.056818 0.159471
0 0.605114 0.228280 0.025162 0.069672
0 0.619318 0.198089 0.016234 0.046448
0 0.760552 0.450456 0.056818 0.130054
0 0.818182 0.430328 0.053571 0.120764
0 0.819399 0.233699 0.017045 0.037158