0 0.023133 0.423361 0.025162 0.162567
0 0.325081 0.230602 0.036526 0.102185
0 0.398133 0.230602 0.030032 0.105282
0 0.482549 0.201185 0.025162 0.080510
0 0.536120 0.216668 0.018669 0.089799
0 0.560877 0.363753 0.032468 0.148633
0 0.571834 0.279373 0.031656 0.054189
0 0.646510 0.239892 0.021916 0.086703
0 0.609984 0.195767 0.018669 0.078961
0 0.644886 0.186477 0.026786 0.063479
0 0.726867 0.208153 0.015422 0.057286
0 0.773133 0.294081 0.028409 0.095992
0 0.826705 0.273954 0.018669 0.074317
0 0.788149 0.221313 0.019481 0.055737