0 0.029627 0.441166 0.030032 0.157923
0 0.242695 0.334336 0.037338 0.139344
0 0.355519 0.397815 0.037338 0.185791
0 0.354302 0.296404 0.030032 0.066575
0 0.479302 0.284792 0.023539 0.071220
0 0.493912 0.325821 0.025162 0.116120
0 0.595373 0.334336 0.038149 0.151730
0 0.581981 0.602959 0.066558 0.233788
0 0.778815 0.397815 0.039773 0.151730
0 0.896916 0.390848 0.025974 0.091347
0 0.656250 0.281695 0.030032 0.102185
0 0.627029 0.246859 0.025162 0.094444
0 0.672890 0.237570 0.022727 0.091347
0 0.816153 0.238344 0.018669 0.058834