0 0.064123 0.490710 0.035714 0.207467
0 0.218750 0.376139 0.039773 0.173405
0 0.286526 0.328143 0.037338 0.173405
0 0.420049 0.252278 0.034903 0.120764
0 0.474838 0.203508 0.029221 0.097540
0 0.604708 0.443488 0.056818 0.174954
0 0.586851 0.289436 0.038961 0.139344
0 0.682224 0.244537 0.023539 0.105282
0 0.718344 0.219765 0.021104 0.071220
0 0.771510 0.307241 0.025162 0.097540
0 0.799919 0.455875 0.041396 0.128506
0 0.783685 0.232151 0.017045 0.055737
0 0.706575 0.876228 0.083604 0.244625
0 0.801948 0.914160 0.087662 0.165664