0 0.040990 0.452004 0.039773 0.176502
0 0.280438 0.312660 0.028409 0.142440
0 0.331575 0.253052 0.031656 0.119216
0 0.360390 0.390073 0.045455 0.179598
0 0.541396 0.247633 0.042208 0.114571
0 0.631494 0.374591 0.045455 0.164116
0 0.607955 0.627732 0.071429 0.236884
0 0.687906 0.854508 0.107955 0.290984
0 0.868101 0.517031 0.017045 0.139344
0 0.840097 0.505419 0.035714 0.119216
0 0.822646 0.343626 0.033279 0.102185
0 0.788555 0.244537 0.020292 0.061930
0 0.684659 0.270857 0.020292 0.092896
0 0.657873 0.211249 0.017045 0.057286