0 0.179789 0.554963 0.036526 0.156374
0 0.469156 0.477550 0.030844 0.109927
0 0.508117 0.482969 0.030844 0.105282
0 0.585227 0.436521 0.024351 0.102185
0 0.648945 0.396266 0.018669 0.074317
0 0.674919 0.458197 0.018669 0.080510
0 0.675325 0.370720 0.017857 0.047996
0 0.738231 0.453552 0.023539 0.077413
0 0.775974 0.472131 0.024351 0.086703
0 0.831981 0.520902 0.024351 0.075865
0 0.889205 0.488388 0.023539 0.075865
0 0.784903 0.443488 0.012987 0.041803
0 0.799513 0.413297 0.011364 0.049544
0 0.810471 0.397041 0.010552 0.041803