0 0.032873 0.640118 0.028409 0.184243
0 0.260958 0.537158 0.038149 0.130054
0 0.381088 0.455875 0.023539 0.109927
0 0.515016 0.547222 0.026786 0.125409
0 0.582386 0.660245 0.049513 0.137795
0 0.590909 0.528643 0.042208 0.131602
0 0.543425 0.386977 0.021916 0.077413
0 0.695211 0.767849 0.051136 0.188888
0 0.688718 0.583606 0.034903 0.120764
0 0.689529 0.476002 0.031656 0.075865
0 0.709821 0.445037 0.021916 0.091347
0 0.792208 0.507741 0.029221 0.105282
0 0.907873 0.654826 0.033279 0.130054
0 0.802760 0.392396 0.014610 0.041803