0 0.026380 0.613797 0.023539 0.159471
0 0.280438 0.494581 0.034903 0.100637
0 0.290584 0.431876 0.016234 0.083606
0 0.318182 0.469809 0.019481 0.106830
0 0.386364 0.529417 0.017857 0.136247
0 0.368912 0.382332 0.021916 0.068124
0 0.389205 0.412523 0.015422 0.075865
0 0.428571 0.478324 0.021104 0.120764
0 0.462662 0.483743 0.030844 0.103734
0 0.487825 0.408653 0.025974 0.068124
0 0.520292 0.441940 0.027597 0.097540
0 0.588068 0.481421 0.028409 0.108378
0 0.758523 0.472905 0.025162 0.091347
0 0.796672 0.390073 0.013799 0.052641