0 0.050731 0.587477 0.030032 0.140892
0 0.344156 0.393944 0.022727 0.069672
0 0.368101 0.456649 0.021916 0.086703
0 0.383117 0.501548 0.022727 0.123861
0 0.393263 0.413297 0.013799 0.052641
0 0.394075 0.373817 0.013799 0.035610
0 0.476867 0.441166 0.028409 0.086703
0 0.704545 0.547222 0.030844 0.116120
0 0.536932 0.345948 0.013799 0.057286
0 0.577516 0.366849 0.023539 0.052641
0 0.644075 0.400137 0.025162 0.069672
0 0.744318 0.443488 0.022727 0.063479
0 0.732143 0.423361 0.006494 0.054189
0 0.766234 0.393170 0.017857 0.043351