0 0.036120 0.644762 0.039773 0.159471
0 0.143263 0.626183 0.043019 0.159471
0 0.145292 0.493807 0.024351 0.114571
0 0.258117 0.417168 0.025974 0.057286
0 0.251623 0.496903 0.030844 0.126957
0 0.280438 0.468261 0.025162 0.085154
0 0.319805 0.592122 0.037338 0.159471
0 0.341315 0.776365 0.080357 0.212112
0 0.502435 0.694307 0.066558 0.187340
0 0.447240 0.554963 0.030844 0.147085
0 0.386364 0.476776 0.032468 0.111475
0 0.486607 0.434199 0.026786 0.097540
0 0.711445 0.448907 0.018669 0.099089
0 0.760552 0.396266 0.016234 0.049544