0 0.025162 0.659471 0.042208 0.157923
0 0.227273 0.527869 0.027597 0.126957
0 0.253247 0.552641 0.024351 0.139344
0 0.297078 0.510838 0.034091 0.148633
0 0.302760 0.868486 0.068182 0.235336
0 0.386769 0.642440 0.044643 0.164116
0 0.323052 0.433425 0.019481 0.102185
0 0.432630 0.926502 0.069805 0.146996
0 0.667208 0.891666 0.068182 0.216668
0 0.675731 0.650956 0.047890 0.174954
0 0.596997 0.505419 0.041396 0.116120
0 0.545860 0.441166 0.023539 0.092896
0 0.756088 0.465164 0.031656 0.094444
0 0.775974 0.403234 0.017857 0.054189