0 0.270698 0.528277 0.034903 0.117460
0 0.307630 0.492749 0.022727 0.089907
0 0.368101 0.621810 0.044643 0.087007
0 0.421266 0.472448 0.025974 0.089907
0 0.467127 0.478973 0.025162 0.111659
0 0.546672 0.393416 0.023539 0.065255
0 0.601461 0.386891 0.019481 0.046404
0 0.594968 0.508701 0.029221 0.089907
0 0.624594 0.574681 0.025162 0.129061
0 0.680601 0.423144 0.021916 0.066705
0 0.738231 0.403567 0.028409 0.056555
0 0.776786 0.443445 0.021104 0.063805
0 0.792614 0.380365 0.018669 0.033353
0 0.833604 0.414443 0.014610 0.049304