0 0.033279 0.708817 0.045455 0.139211
0 0.284091 0.521027 0.043831 0.120360
0 0.329140 0.507976 0.028409 0.126160
0 0.366883 0.650087 0.037338 0.166764
0 0.547078 0.750145 0.055195 0.201566
0 0.609172 0.584107 0.038149 0.133411
0 0.649756 0.519577 0.025162 0.120360
0 0.758523 0.535528 0.039773 0.097158
0 0.772727 0.629061 0.045455 0.104409
0 0.883929 0.625435 0.035714 0.158063
0 0.526786 0.452146 0.024351 0.087007
0 0.589692 0.414443 0.026786 0.075406
0 0.767857 0.402842 0.021104 0.052204
0 0.859984 0.444170 0.017045 0.073956