0 0.039707 0.582159 0.038160 0.141250
0 0.290326 0.540884 0.027847 0.143084
0 0.314563 0.554642 0.033003 0.148587
0 0.361489 0.652783 0.042285 0.172435
0 0.555899 0.561063 0.035066 0.132078
0 0.554868 0.514285 0.026815 0.078880
0 0.417698 0.403303 0.020627 0.091721
0 0.498659 0.401469 0.021658 0.084383
0 0.602310 0.421648 0.018564 0.084383
0 0.656972 0.426234 0.020627 0.075211
0 0.751341 0.506030 0.021658 0.106396
0 0.788469 0.458336 0.021658 0.095389
0 0.801877 0.448246 0.017533 0.078880
0 0.806518 0.373953 0.010314 0.044026