0 0.032873 0.709542 0.041396 0.155163
0 0.260146 0.594258 0.030032 0.118910
0 0.261364 0.516676 0.017857 0.024652
0 0.352679 0.581207 0.038149 0.130511
0 0.433442 0.659513 0.032468 0.153713
0 0.467127 0.717518 0.060877 0.174014
0 0.525568 0.803075 0.060877 0.220418
0 0.583198 0.538428 0.028409 0.117460
0 0.490260 0.458672 0.032468 0.076856
0 0.580357 0.431119 0.022727 0.073956
0 0.702516 0.566705 0.026786 0.139211
0 0.767451 0.640661 0.031656 0.139211
0 0.854708 0.452146 0.014610 0.081207
0 0.765828 0.399217 0.020292 0.059455