0 0.174919 0.684165 0.026786 0.162413
0 0.325081 0.558730 0.036526 0.134861
0 0.375406 0.488399 0.030032 0.104409
0 0.467938 0.397767 0.021916 0.068156
0 0.519481 0.442720 0.017857 0.068156
0 0.536932 0.474623 0.025162 0.082657
0 0.547078 0.509426 0.027597 0.108759
0 0.594968 0.575406 0.038961 0.133411
0 0.666802 0.581207 0.030032 0.136311
0 0.747565 0.845853 0.097403 0.210267
0 0.834010 0.497825 0.028409 0.091357
0 0.906250 0.505075 0.031656 0.091357
0 0.805195 0.414443 0.019481 0.060905
0 0.627029 0.402117 0.017045 0.059455