0 0.028635 0.662727 0.051446 0.176104
0 0.189769 0.931501 0.103863 0.136998
0 0.496020 0.785308 0.048534 0.231352
0 0.215007 0.546187 0.035915 0.143300
0 0.364978 0.433965 0.027179 0.112223
0 0.506698 0.531512 0.034945 0.134667
0 0.592603 0.642872 0.039798 0.177830
0 0.561541 0.401161 0.024267 0.088052
0 0.740148 0.724017 0.057270 0.215813
0 0.834789 0.599709 0.038827 0.150206
0 0.767327 0.482307 0.020384 0.112223
0 0.729955 0.452093 0.019414 0.086325
0 0.634343 0.375263 0.014560 0.070787
0 0.804698 0.370084 0.015531 0.046616