0 0.804080 0.382030 0.012001 0.022680
0 0.775203 0.398040 0.011251 0.060035
0 0.757951 0.380029 0.011251 0.048028
0 0.744074 0.406045 0.015002 0.073376
0 0.786829 0.558801 0.024002 0.117402
0 0.774827 0.514108 0.021002 0.100059
0 0.632688 0.664863 0.042754 0.172101
0 0.553180 0.401375 0.015752 0.090720
0 0.577558 0.375360 0.015002 0.068040
0 0.626688 0.374693 0.012751 0.066706
0 0.388539 0.430059 0.021002 0.105395
0 0.369412 0.522113 0.026253 0.110732
0 0.532178 0.891466 0.077258 0.217067
0 0.144389 0.668199 0.042754 0.200118