0 0.810891 0.371407 0.011221 0.045787
0 0.800000 0.453002 0.021122 0.065745
0 0.726403 0.421303 0.024422 0.072789
0 0.666997 0.451828 0.027063 0.086878
0 0.659406 0.400758 0.014521 0.057527
0 0.659076 0.366711 0.011221 0.050483
0 0.648185 0.369646 0.011881 0.061049
0 0.589769 0.420716 0.020462 0.090400
0 0.541584 0.374930 0.013861 0.076312
0 0.511221 0.435392 0.027063 0.089226
0 0.449505 0.368472 0.015842 0.065745
0 0.410561 0.378452 0.015842 0.083356
0 0.134323 0.491158 0.021782 0.106836
0 0.121122 0.410737 0.019142 0.089226