0 0.796978 0.374086 0.010829 0.025682
0 0.773773 0.404813 0.014955 0.070625
0 0.815285 0.526343 0.023721 0.113734
0 0.648979 0.526343 0.025268 0.143084
0 0.627063 0.573579 0.021658 0.136664
0 0.625258 0.479565 0.021143 0.110065
0 0.697195 0.367207 0.013408 0.037605
0 0.607983 0.371335 0.013408 0.066039
0 0.472065 0.427527 0.017680 0.090148
0 0.328854 0.619879 0.045969 0.168766
0 0.293199 0.560653 0.040665 0.159332
0 0.304102 0.454781 0.024752 0.115306
0 0.264910 0.434865 0.034771 0.096438
0 0.104314 0.567991 0.034182 0.142560