0 0.280969 0.328005 0.036214 0.130980
0 0.232743 0.299266 0.020822 0.122341
0 0.240507 0.259740 0.026468 0.090972
0 0.358025 0.299580 0.027174 0.138026
0 0.383611 0.217391 0.019057 0.091599
0 0.431430 0.315264 0.000353 0.000000
0 0.499365 0.407491 0.028938 0.158103
0 0.524951 0.339105 0.022939 0.126733
0 0.553889 0.256917 0.028586 0.096618
0 0.617589 0.287659 0.020469 0.102892
0 0.620059 0.174101 0.013411 0.058975
0 0.673172 0.187276 0.010940 0.051446
0 0.751341 0.295502 0.019763 0.092227
0 0.762634 0.290482 0.017645 0.088462
0 0.801983 0.319656 0.000353 0.000000
0 0.779574 0.224920 0.012705 0.057720