0 0.029603 0.373058 0.031513 0.123928
0 0.077827 0.241066 0.020053 0.085731
0 0.143955 0.249979 0.021486 0.091673
0 0.243506 0.303455 0.026738 0.127324
0 0.269767 0.325524 0.028648 0.127324
0 0.335657 0.251676 0.027693 0.112045
0 0.401070 0.284356 0.031513 0.121382
0 0.400115 0.200747 0.022918 0.084882
0 0.340432 0.194381 0.015279 0.067057
0 0.319901 0.186317 0.019099 0.079789
0 0.452397 0.226636 0.023396 0.095917
0 0.519481 0.221119 0.021008 0.069604
0 0.680147 0.259316 0.015756 0.093371
0 0.737920 0.230031 0.018621 0.065359