0 0.794508 0.229197 0.013258 0.057720
0 0.864177 0.302790 0.018398 0.050986
0 0.820752 0.395623 0.025703 0.109668
0 0.844832 0.350168 0.026786 0.088023
0 0.808712 0.308802 0.027056 0.078403
0 0.749188 0.228716 0.013528 0.058682
0 0.698052 0.222463 0.017316 0.069264
0 0.677760 0.350168 0.032468 0.117845
0 0.604978 0.321308 0.027056 0.115921
0 0.586174 0.198172 0.015422 0.074555
0 0.527090 0.211039 0.024689 0.082371
0 0.426813 0.283790 0.032468 0.130471
0 0.294068 0.226972 0.021307 0.058923
0 0.055109 0.381636 0.025632 0.136705