0 0.064259 0.382796 0.032017 0.131473
0 0.293561 0.227273 0.020743 0.057720
0 0.524215 0.284592 0.038330 0.124258
0 0.681987 0.362554 0.027394 0.067941
0 0.646814 0.228776 0.021983 0.079365
0 0.663724 0.203223 0.017248 0.066739
0 0.800020 0.319565 0.025365 0.090188
0 0.972166 0.334897 0.017248 0.049904
0 0.879329 0.285594 0.016910 0.054714
0 0.845170 0.261845 0.012852 0.049303
0 0.853795 0.244408 0.006426 0.051708
0 0.811012 0.239598 0.012175 0.051708
0 0.793425 0.258838 0.014881 0.058923
0 0.781926 0.248617 0.016234 0.066138