0 0.258672 0.315941 0.026059 0.132908
0 0.294344 0.227463 0.023069 0.057720
0 0.643583 0.267335 0.023496 0.099491
0 0.736714 0.347080 0.033749 0.111643
0 0.683535 0.190920 0.013424 0.051615
0 0.735358 0.229215 0.019043 0.058275
0 0.763455 0.210345 0.012800 0.053835
0 0.815122 0.246698 0.016858 0.054390
0 0.838380 0.243090 0.013424 0.054945
0 0.923608 0.338828 0.014673 0.055500
0 0.955295 0.342158 0.019980 0.063270
0 0.915491 0.296925 0.011551 0.053835
0 0.938593 0.308580 0.010927 0.059385
0 0.929071 0.313020 0.009366 0.052725