0 0.184208 0.345118 0.039232 0.134680
0 0.261769 0.252124 0.020292 0.109027
0 0.408099 0.221260 0.024351 0.092192
0 0.607864 0.309043 0.029762 0.096200
0 0.769944 0.383426 0.024737 0.114753
0 0.714672 0.284477 0.022418 0.088642
0 0.656308 0.251151 0.024737 0.090703
0 0.699791 0.199959 0.012755 0.057033
0 0.759122 0.224009 0.017007 0.057033
0 0.870826 0.323645 0.020099 0.077647
0 0.910250 0.311276 0.015461 0.059781
0 0.816558 0.236652 0.012987 0.055988
0 0.870617 0.274459 0.013312 0.047330
0 0.913799 0.283694 0.012013 0.038095