0 0.060638 0.359902 0.030558 0.133265
0 0.261650 0.313216 0.022918 0.133265
0 0.411812 0.432900 0.046314 0.170614
0 0.467676 0.632374 0.057773 0.255496
0 0.363350 0.264833 0.024828 0.119684
0 0.402979 0.252525 0.021008 0.110347
0 0.601127 0.443511 0.051566 0.178253
0 0.722226 0.547713 0.057524 0.197628
0 0.647233 0.194805 0.016940 0.056465
0 0.771457 0.293933 0.021174 0.087835
0 0.810982 0.273543 0.015528 0.065876
0 0.863036 0.304912 0.018704 0.069641
0 0.906444 0.293933 0.017998 0.058975
0 0.770575 0.229625 0.018704 0.058347