0 0.118912 0.299423 0.026786 0.109668
0 0.350133 0.177424 0.020661 0.074774
0 0.357143 0.217106 0.022875 0.092483
0 0.531840 0.247278 0.023982 0.110849
0 0.616145 0.300079 0.001476 0.001312
0 0.591795 0.184967 0.017710 0.061000
0 0.573716 0.151843 0.017710 0.052473
0 0.624447 0.184311 0.012175 0.055752
0 0.639573 0.278434 0.000369 0.001312
0 0.610611 0.170864 0.009593 0.045914
0 0.687352 0.192182 0.012544 0.050505
0 0.807630 0.333436 0.025510 0.092764
0 0.811543 0.253041 0.014205 0.052051
0 0.773423 0.234230 0.011016 0.059781