0 0.258979 0.303932 0.019785 0.127165
0 0.615361 0.308442 0.028409 0.123557
0 0.583147 0.204726 0.020800 0.078463
0 0.567421 0.214196 0.017756 0.073954
0 0.665077 0.212843 0.015219 0.073052
0 0.737622 0.378788 0.000000 0.000902
0 0.768567 0.276425 0.016234 0.068543
0 0.787338 0.266400 0.015609 0.067155
0 0.804664 0.250860 0.013424 0.058275
0 0.819961 0.247530 0.015922 0.054945
0 0.791708 0.211733 0.012488 0.046620
0 0.768919 0.209513 0.011239 0.049950
0 0.743787 0.244478 0.000312 0.000000
0 0.747222 0.199800 0.010927 0.047175
0 0.726929 0.178155 0.009678 0.040515