0 0.129870 0.367278 0.027829 0.138803
0 0.189394 0.264207 0.021645 0.109943
0 0.324482 0.236721 0.028989 0.081083
0 0.276940 0.198928 0.016620 0.083832
0 0.363907 0.183811 0.017393 0.078334
0 0.379174 0.310589 0.000000 0.000687
0 0.436186 0.224352 0.025897 0.096200
0 0.561688 0.184343 0.020292 0.072150
0 0.580357 0.160895 0.018669 0.059885
0 0.694399 0.242785 0.019481 0.072150
0 0.772930 0.279582 0.021510 0.076479
0 0.755479 0.391053 0.000406 0.003608
0 0.746144 0.233045 0.017451 0.054113
0 0.718750 0.222583 0.016234 0.064935
0 0.704140 0.197691 0.011364 0.042569
0 0.753653 0.358947 0.000000 0.001443
0 0.873985 0.253247 0.015016 0.042569
0 0.853896 0.386724 0.000000 0.000722