0 0.031513 0.434174 0.042972 0.147695
0 0.128915 0.563195 0.050611 0.212206
0 0.370425 0.783156 0.072314 0.232192
0 0.130377 0.320166 0.029424 0.125361
0 0.272169 0.307089 0.030946 0.131674
0 0.322646 0.234488 0.021307 0.096501
0 0.462155 0.334596 0.042614 0.154221
0 0.570465 0.240350 0.026887 0.101010
0 0.586952 0.197060 0.017248 0.081169
0 0.896916 0.364828 0.024351 0.079051
0 0.686759 0.285150 0.023292 0.100383
0 0.750459 0.242173 0.017292 0.060857
0 0.776398 0.321225 0.000000 0.000627
0 0.830392 0.228371 0.012705 0.040780
0 0.794219 0.381768 0.000353 0.000000