0 0.812957 0.223665 0.013697 0.047799
0 0.614093 0.277778 0.022829 0.080267
0 0.662033 0.336851 0.003044 0.005411
0 0.605215 0.339556 0.040584 0.120851
0 0.542563 0.463113 0.000507 0.000000
0 0.465199 0.325577 0.042614 0.116342
0 0.457336 0.546086 0.000507 0.000000
0 0.425375 0.341811 0.059355 0.137987
0 0.462409 0.200667 0.026887 0.082973
0 0.468496 0.504600 0.002537 0.000000
0 0.376674 0.264250 0.033989 0.119949
0 0.387581 0.224567 0.018263 0.094697
0 0.270647 0.257486 0.024858 0.104618
0 0.252384 0.302128 0.037033 0.139791
0 0.221946 0.226371 0.023843 0.100108
0 0.044643 0.248918 0.017248 0.087482
0 0.056311 0.348575 0.018263 0.131674
0 0.090554 0.394571 0.000507 0.003608
0 0.020292 0.431548 0.024351 0.158730