0 0.042388 0.387606 0.029762 0.134680
0 0.137536 0.590027 0.000000 0.000802
0 0.199315 0.308241 0.034271 0.120250
0 0.303932 0.373176 0.029762 0.150713
0 0.126714 0.280584 0.025253 0.105018
0 0.122655 0.244909 0.018038 0.088183
0 0.379464 0.268559 0.026605 0.121052
0 0.438763 0.468174 0.000902 0.000802
0 0.441017 0.308642 0.025253 0.137085
0 0.479573 0.257335 0.030213 0.117845
0 0.488591 0.456149 0.000451 0.002405
0 0.402688 0.209636 0.017136 0.096200
0 0.407648 0.363155 0.000000 0.000802
0 0.367514 0.238496 0.023449 0.092993
0 0.602679 0.306638 0.028409 0.119949
0 0.654170 0.309343 0.000507 0.000902
0 0.635907 0.228175 0.019785 0.076659
0 0.783533 0.421627 0.000507 0.000000
0 0.882965 0.380141 0.024858 0.095599
0 0.754616 0.386454 0.004566 0.007215
0 0.826654 0.229978 0.014712 0.049603