0 0.042494 0.385366 0.034377 0.129870
0 0.113636 0.348867 0.000000 0.000849
0 0.136793 0.255496 0.015756 0.102708
0 0.230376 0.241491 0.021486 0.101859
0 0.320856 0.381971 0.035332 0.160428
0 0.411096 0.331466 0.000000 0.001698
0 0.379106 0.216450 0.024828 0.087429
0 0.456455 0.351413 0.000000 0.000849
0 0.556723 0.272897 0.051566 0.125626
0 0.612108 0.499958 0.052521 0.202869
0 0.653887 0.359477 0.032945 0.125626
0 0.623806 0.245735 0.031990 0.088278
0 0.532611 0.180800 0.021486 0.067057
0 0.513512 0.173160 0.018621 0.068755
0 0.718344 0.259316 0.000477 0.000000
0 0.692084 0.213479 0.015756 0.061115
0 0.817657 0.222816 0.012892 0.047534