0 0.180601 0.375696 0.037686 0.150484
0 0.404395 0.340651 0.038845 0.148423
0 0.643843 0.418470 0.051600 0.170068
0 0.780380 0.410740 0.031308 0.133993
0 0.374826 0.206143 0.021452 0.093795
0 0.469330 0.219542 0.016814 0.093795
0 0.486143 0.182952 0.015654 0.076273
0 0.641814 0.254071 0.031308 0.088642
0 0.711677 0.326737 0.040005 0.108225
0 0.756320 0.323129 0.021452 0.094826
0 0.813718 0.289116 0.019133 0.082457
0 0.687906 0.256648 0.024930 0.079365
0 0.696603 0.208720 0.012175 0.053597
0 0.806470 0.219027 0.012755 0.045351