0 0.833476 0.230880 0.010253 0.043290
0 0.958860 0.422648 0.029477 0.085061
0 0.929383 0.401762 0.039730 0.088859
0 0.860817 0.428344 0.038448 0.123794
0 0.789901 0.440875 0.045284 0.148857
0 0.748676 0.262398 0.024351 0.077466
0 0.762560 0.238855 0.010253 0.044050
0 0.700829 0.227083 0.024351 0.059998
0 0.638671 0.302651 0.029050 0.116959
0 0.503888 0.226703 0.029477 0.088099
0 0.448168 0.421563 0.033627 0.180375
0 0.344388 0.206658 0.028989 0.094826
0 0.203212 0.224696 0.019133 0.095857
0 0.018263 0.414863 0.033047 0.146362