0 0.040272 0.442890 0.038087 0.167610
0 0.462350 0.415140 0.048077 0.156510
0 0.266921 0.217560 0.043082 0.098790
0 0.531656 0.241980 0.025599 0.094350
0 0.666209 0.346875 0.036214 0.133200
0 0.547890 0.172605 0.015609 0.066600
0 0.723651 0.254745 0.021229 0.071040
0 0.827922 0.659896 0.061189 0.219780
0 0.870380 0.538906 0.046204 0.159840
0 0.946553 0.408480 0.031219 0.089910
0 0.877560 0.384615 0.031843 0.102120
0 0.844780 0.302475 0.029970 0.079920
0 0.762050 0.394605 0.000624 0.000000
0 0.822927 0.289155 0.019980 0.068820
0 0.823864 0.225330 0.013112 0.049950