0 0.811211 0.219421 0.010504 0.054325
0 0.907181 0.364994 0.022918 0.078941
0 0.723119 0.295391 0.027215 0.092522
0 0.732907 0.227061 0.013369 0.061115
0 0.666062 0.231305 0.019099 0.071301
0 0.656274 0.200323 0.011937 0.063662
0 0.591339 0.157033 0.010982 0.056871
0 0.664629 0.490620 0.042972 0.194381
0 0.634549 0.362448 0.034377 0.129870
0 0.561975 0.288176 0.033422 0.118835
0 0.507305 0.239793 0.031990 0.089975
0 0.387223 0.328495 0.029603 0.140056
0 0.296266 0.199049 0.015756 0.079789
0 0.044643 0.393006 0.030080 0.133265