0 0.064428 0.385552 0.030438 0.140693
0 0.032975 0.348124 0.038555 0.127165
0 0.102476 0.285895 0.027394 0.100108
0 0.161577 0.293110 0.028916 0.130772
0 0.169186 0.273719 0.023843 0.110029
0 0.025619 0.243506 0.021814 0.069444
0 0.229048 0.312951 0.037033 0.130772
0 0.249848 0.294913 0.030946 0.118146
0 0.215605 0.242605 0.019278 0.105519
0 0.180854 0.233586 0.017756 0.092893
0 0.368050 0.185786 0.020800 0.083874
0 0.491325 0.324675 0.025873 0.118146
0 0.568435 0.259289 0.022829 0.097403
0 0.811688 0.218705 0.012175 0.041486