0 0.149486 0.251323 0.022998 0.094597
0 0.205177 0.335097 0.036977 0.127465
0 0.205402 0.268959 0.022096 0.084977
0 0.312275 0.275774 0.041035 0.127465
0 0.404040 0.214446 0.020743 0.092993
0 0.500316 0.239699 0.031115 0.097002
0 0.529627 0.372775 0.037428 0.109828
0 0.588925 0.393218 0.045996 0.145903
0 0.628833 0.292208 0.023900 0.099407
0 0.618912 0.176367 0.014881 0.063332
0 0.653409 0.187991 0.014430 0.062530
0 0.761077 0.312792 0.021963 0.093371
0 0.765613 0.267380 0.020531 0.041592
0 0.783518 0.226212 0.021008 0.054325