0 0.069264 0.387686 0.029221 0.149110
0 0.232684 0.304954 0.038961 0.141414
0 0.366342 0.210678 0.023810 0.097162
0 0.459686 0.295815 0.027597 0.125060
0 0.492695 0.229918 0.026515 0.093314
0 0.700216 0.378066 0.043290 0.137566
0 0.556006 0.221741 0.028680 0.101972
0 0.519481 0.175565 0.016234 0.076960
0 0.636093 0.224146 0.023268 0.083694
0 0.691558 0.236652 0.025974 0.079846
0 0.785534 0.297018 0.020743 0.080167
0 0.874143 0.293811 0.016685 0.064133
0 0.757576 0.195607 0.013528 0.047298
0 0.710227 0.185987 0.013528 0.048902