0 0.908898 0.318491 0.015074 0.060469
0 0.732259 0.394077 0.047542 0.178657
0 0.766852 0.281385 0.023191 0.074212
0 0.779414 0.206143 0.011982 0.050161
0 0.668483 0.168007 0.013528 0.049474
0 0.641620 0.226757 0.025510 0.081770
0 0.609539 0.199959 0.018553 0.077647
0 0.519674 0.216450 0.020485 0.095513
0 0.450487 0.276575 0.029762 0.119563
0 0.470779 0.158043 0.018553 0.063904
0 0.448941 0.204425 0.018939 0.083832
0 0.361588 0.187247 0.018939 0.082457
0 0.302837 0.315742 0.029762 0.140177
0 0.046672 0.398268 0.036526 0.148629