0 0.068414 0.396825 0.022032 0.149454
0 0.383523 0.294785 0.030728 0.139147
0 0.499478 0.307153 0.027250 0.128839
0 0.435413 0.187590 0.016234 0.075242
0 0.474838 0.173676 0.017393 0.076273
0 0.390190 0.233972 0.033627 0.091734
0 0.643939 0.278207 0.020099 0.093967
0 0.789077 0.339449 0.028216 0.092764
0 0.889765 0.344259 0.020099 0.070776
0 0.809756 0.223322 0.013142 0.052910
0 0.758542 0.244967 0.018939 0.068714
0 0.709454 0.262489 0.027443 0.080396
0 0.643166 0.214389 0.017007 0.079022
0 0.630411 0.186903 0.015461 0.059781