0 0.056311 0.408099 0.033482 0.151515
0 0.353845 0.340458 0.036019 0.158730
0 0.295505 0.255682 0.027902 0.108225
0 0.257457 0.225018 0.024858 0.091991
0 0.470779 0.371122 0.039570 0.138889
0 0.511871 0.307089 0.036526 0.110029
0 0.632863 0.323773 0.033989 0.094697
0 0.705662 0.279131 0.019278 0.091991
0 0.681057 0.234488 0.021814 0.078463
0 0.611556 0.199315 0.018770 0.067641
0 0.898945 0.368687 0.021104 0.082973
0 0.853287 0.345599 0.028003 0.084416
0 0.770292 0.264430 0.017857 0.075036
0 0.814529 0.224747 0.016234 0.047619