0 0.042163 0.419673 0.032017 0.155523
0 0.217578 0.217653 0.017587 0.094597
0 0.429293 0.334696 0.038781 0.125060
0 0.493552 0.324675 0.031115 0.132275
0 0.450036 0.231682 0.035173 0.090588
0 0.337527 0.198814 0.019390 0.084175
0 0.480249 0.165544 0.024351 0.064133
0 0.860615 0.413660 0.031115 0.119448
0 0.785759 0.350329 0.027507 0.106622
0 0.652958 0.262947 0.030664 0.087382
0 0.677985 0.229678 0.020292 0.068943
0 0.696699 0.210438 0.018939 0.060927
0 0.768849 0.259740 0.021645 0.072952
0 0.812590 0.220859 0.016234 0.046497