0 0.060335 0.403078 0.037338 0.145262
0 0.215097 0.721501 0.090368 0.303030
0 0.180736 0.387686 0.029221 0.158730
0 0.113907 0.341510 0.022186 0.141414
0 0.142587 0.326599 0.027597 0.140452
0 0.378788 0.293410 0.024892 0.126022
0 0.471320 0.513228 0.071429 0.207792
0 0.568182 0.464165 0.057359 0.184704
0 0.530303 0.344396 0.035714 0.152958
0 0.441558 0.206349 0.022727 0.084656
0 0.600649 0.300144 0.027056 0.114478
0 0.606061 0.212602 0.020563 0.079846
0 0.705492 0.284592 0.023900 0.100208
0 0.808532 0.219657 0.012626 0.040885