0 0.048588 0.537041 0.027503 0.135339
0 0.137972 0.591666 0.035754 0.150014
0 0.133388 0.484047 0.022919 0.114141
0 0.109553 0.440021 0.030253 0.107619
0 0.051338 0.431053 0.020169 0.086421
0 0.146681 0.417193 0.022002 0.068485
0 0.178768 0.404964 0.016502 0.086421
0 0.257151 0.466111 0.028420 0.123925
0 0.411624 0.506060 0.029336 0.145122
0 0.454254 0.435130 0.024752 0.097835
0 0.312156 0.386212 0.024752 0.091313
0 0.599705 0.426903 0.021713 0.103499
0 0.659632 0.611503 0.044294 0.176104
0 0.795119 0.362795 0.011291 0.052522