0 0.068994 0.379849 0.033900 0.137510
0 0.114353 0.238095 0.015756 0.089975
0 0.170693 0.226212 0.020531 0.081487
0 0.256159 0.175282 0.026261 0.062813
0 0.306293 0.221119 0.023396 0.093371
0 0.371706 0.230031 0.022441 0.104405
0 0.423272 0.171038 0.016711 0.071301
0 0.453113 0.184195 0.021963 0.080638
0 0.583222 0.263560 0.026261 0.101859
0 0.767599 0.286633 0.020292 0.108225
0 0.742879 0.243015 0.015127 0.064279
0 0.720558 0.218090 0.014758 0.061656
0 0.807630 0.218746 0.015496 0.047226
0 0.755239 0.238423 0.011068 0.066903