0 0.093795 0.373577 0.037879 0.137085
0 0.229753 0.252926 0.021194 0.109027
0 0.313176 0.264550 0.024802 0.111432
0 0.362103 0.439715 0.054113 0.205227
0 0.366387 0.340709 0.022096 0.092192
0 0.503923 0.377986 0.040133 0.153920
0 0.498061 0.239298 0.019390 0.105820
0 0.580132 0.291005 0.048250 0.095398
0 0.559389 0.200417 0.020292 0.063332
0 0.510913 0.199615 0.023449 0.080968
0 0.642973 0.278293 0.028989 0.079365
0 0.662686 0.212327 0.019712 0.060812
0 0.803756 0.344025 0.029885 0.103634
0 0.817038 0.223009 0.015127 0.046570