0 0.253427 0.302229 0.019841 0.117845
0 0.474387 0.208834 0.024351 0.088183
0 0.545860 0.247314 0.041035 0.094597
0 0.512716 0.196809 0.013528 0.072150
0 0.655664 0.302629 0.028860 0.112233
0 0.594336 0.177970 0.018038 0.060125
0 0.573819 0.172759 0.016685 0.057720
0 0.710453 0.277778 0.022096 0.086580
0 0.693092 0.207632 0.015332 0.063332
0 0.732549 0.187590 0.013077 0.042488
0 0.781475 0.279381 0.022547 0.078563
0 0.830241 0.235690 0.012369 0.051536
0 0.808983 0.222978 0.010823 0.046726
0 0.795841 0.246341 0.011596 0.064591