0 0.255907 0.304233 0.023900 0.121853
0 0.376308 0.203624 0.018488 0.085778
0 0.405393 0.232884 0.020743 0.089787
0 0.442370 0.157127 0.020743 0.056918
0 0.447330 0.231682 0.023449 0.093795
0 0.531656 0.244108 0.022547 0.101010
0 0.556232 0.272968 0.024802 0.101010
0 0.647547 0.230880 0.028860 0.084175
0 0.613501 0.175966 0.013077 0.056117
0 0.726236 0.222864 0.022096 0.069745
0 0.753066 0.311849 0.021645 0.093795
0 0.849116 0.353135 0.024351 0.084977
0 0.778544 0.249719 0.016685 0.062530
0 0.811012 0.229277 0.014881 0.050505