0 0.075487 0.396825 0.030844 0.151996
0 0.197240 0.239057 0.018939 0.098124
0 0.210227 0.215488 0.015693 0.087542
0 0.364719 0.263107 0.034632 0.121212
0 0.478084 0.371813 0.037338 0.148148
0 0.410444 0.190957 0.024351 0.082732
0 0.503517 0.228956 0.024351 0.089466
0 0.686731 0.327333 0.028623 0.102529
0 0.843301 0.386952 0.034176 0.115440
0 0.772599 0.278347 0.020079 0.080504
0 0.652127 0.252525 0.020079 0.085061
0 0.593173 0.177717 0.014952 0.063036
0 0.536996 0.166705 0.019651 0.068353
0 0.783493 0.223665 0.014525 0.051644