0 0.207251 0.320346 0.033550 0.129870
0 0.324675 0.292929 0.034632 0.123136
0 0.291396 0.198653 0.020022 0.082732
0 0.257576 0.179894 0.020563 0.075998
0 0.375812 0.244829 0.042749 0.113516
0 0.453734 0.227032 0.030844 0.104858
0 0.521104 0.248677 0.029221 0.098124
0 0.680195 0.362193 0.031385 0.121212
0 0.662608 0.313612 0.030844 0.097162
0 0.512175 0.186628 0.018939 0.070226
0 0.524959 0.178932 0.013393 0.052670
0 0.685408 0.212565 0.015922 0.069375
0 0.748314 0.242535 0.014985 0.068265
0 0.785621 0.221723 0.014673 0.054390