0 0.220827 0.353535 0.029125 0.139207
0 0.405844 0.354384 0.028648 0.147695
0 0.339954 0.199474 0.020053 0.077243
0 0.491071 0.232153 0.032945 0.086580
0 0.540011 0.263560 0.025783 0.086580
0 0.455262 0.157881 0.020531 0.061964
0 0.660810 0.291996 0.021963 0.104405
0 0.643144 0.241491 0.021963 0.091673
0 0.720731 0.265258 0.021486 0.079789
0 0.719777 0.247432 0.018621 0.076394
0 0.801880 0.477994 0.060200 0.165945
0 0.831642 0.324074 0.023674 0.084175
0 0.866680 0.324315 0.018263 0.072150
0 0.799513 0.230880 0.015422 0.058442