0 0.157313 0.416065 0.027056 0.152546
0 0.246405 0.288600 0.035946 0.120250
0 0.383619 0.418814 0.037492 0.164914
0 0.260900 0.269704 0.019326 0.111317
0 0.406810 0.306466 0.036719 0.121624
0 0.549242 0.307153 0.039425 0.118876
0 0.429035 0.163884 0.015461 0.065966
0 0.582870 0.264207 0.026283 0.111317
0 0.786102 0.473995 0.029291 0.143045
0 0.818746 0.339105 0.027527 0.094109
0 0.751870 0.284209 0.024351 0.090972
0 0.725402 0.269779 0.023645 0.087207
0 0.782044 0.228057 0.016234 0.058975
0 0.830216 0.317774 0.017292 0.080306