0 0.032681 0.361130 0.041439 0.121516
0 0.146958 0.396446 0.041012 0.164806
0 0.163619 0.323916 0.031613 0.123035
0 0.113850 0.223665 0.020079 0.085061
0 0.148026 0.225944 0.024351 0.082023
0 0.213389 0.216070 0.019224 0.085061
0 0.247565 0.255183 0.020933 0.113162
0 0.287509 0.204299 0.020506 0.094934
0 0.297761 0.198603 0.014525 0.089618
0 0.257818 0.184932 0.023496 0.074428
0 0.460099 0.347460 0.047847 0.147338
0 0.511364 0.189159 0.014116 0.074032
0 0.633470 0.228684 0.018351 0.085325
0 0.737401 0.230253 0.018704 0.065876