0 0.031628 0.621832 0.033920 0.158167
0 0.286029 0.677272 0.056839 0.119033
0 0.333700 0.638953 0.044004 0.140231
0 0.332783 0.464480 0.040337 0.117402
0 0.256692 0.440021 0.029336 0.107619
0 0.512468 0.467741 0.025669 0.114141
0 0.539054 0.527258 0.029336 0.132078
0 0.559181 0.458742 0.015752 0.090720
0 0.741074 0.546127 0.024002 0.121405
0 0.702445 0.442733 0.021752 0.082715
0 0.616562 0.370023 0.013501 0.062704
0 0.670192 0.353347 0.011251 0.045360
0 0.724572 0.382030 0.015002 0.060035
0 0.798080 0.379362 0.010501 0.020012