0 0.292904 0.617012 0.051568 0.141250
0 0.508457 0.685803 0.049505 0.201785
0 0.329517 0.447329 0.025784 0.110065
0 0.407384 0.439992 0.028878 0.088052
0 0.398102 0.418896 0.018564 0.093555
0 0.474938 0.440909 0.021658 0.100893
0 0.532694 0.402386 0.019596 0.082549
0 0.655941 0.507865 0.024752 0.113734
0 0.647174 0.431737 0.015470 0.097224
0 0.589418 0.367532 0.013408 0.064204
0 0.654909 0.380373 0.012376 0.038523
0 0.782797 0.432654 0.014439 0.088052
0 0.796720 0.451915 0.017533 0.082549
0 0.817347 0.370284 0.015470 0.040357