0 0.804914 0.370721 0.014668 0.047287
0 0.804455 0.545194 0.050422 0.125555
0 0.752659 0.542748 0.036670 0.110880
0 0.703612 0.748203 0.054089 0.189148
0 0.541346 0.623463 0.065090 0.151645
0 0.565640 0.480786 0.029336 0.114141
0 0.628438 0.393550 0.013751 0.066854
0 0.664191 0.393550 0.021085 0.070115
0 0.735240 0.451435 0.020169 0.091313
0 0.717822 0.422900 0.014668 0.073376
0 0.418959 0.399257 0.014668 0.091313
0 0.356161 0.493015 0.021085 0.128816
0 0.210396 0.509321 0.024752 0.135339
0 0.022461 0.593297 0.037587 0.146753