0 0.236799 0.470129 0.024752 0.124740
0 0.269802 0.536168 0.024752 0.142350
0 0.255363 0.449584 0.018977 0.104195
0 0.316007 0.405558 0.016502 0.080714
0 0.378713 0.404824 0.023102 0.082182
0 0.505776 0.518558 0.028053 0.121805
0 0.588284 0.587532 0.044554 0.151156
0 0.481848 0.392350 0.026403 0.080714
0 0.529703 0.377675 0.028053 0.074844
0 0.633251 0.431240 0.030528 0.090987
0 0.623350 0.398220 0.022277 0.080714
0 0.820545 0.526629 0.020627 0.120337
0 0.805693 0.431974 0.023927 0.068974
0 0.788366 0.383545 0.012376 0.039623