0 0.146611 0.458156 0.017771 0.094825
0 0.213569 0.405664 0.020944 0.080150
0 0.324321 0.380264 0.017771 0.085794
0 0.354151 0.402842 0.012694 0.088052
0 0.350977 0.368976 0.011424 0.060959
0 0.376365 0.379135 0.019040 0.085794
0 0.492193 0.352043 0.013328 0.056443
0 0.515994 0.394375 0.016502 0.073376
0 0.515994 0.349220 0.015232 0.055315
0 0.554180 0.411255 0.019252 0.081203
0 0.739824 0.440606 0.024202 0.087073
0 0.698845 0.369675 0.017052 0.054788
0 0.770077 0.394623 0.016502 0.063593
0 0.794554 0.368207 0.011551 0.044026