0 0.805525 0.384661 0.008556 0.056527
0 0.810109 0.408032 0.012835 0.064136
0 0.940594 0.487931 0.013446 0.082616
0 0.755409 0.456950 0.020780 0.083704
0 0.700709 0.537936 0.033614 0.132621
0 0.603533 0.358571 0.011612 0.063049
0 0.586114 0.354766 0.013446 0.064136
0 0.728212 0.407489 0.011612 0.065224
0 0.764882 0.374333 0.016502 0.048918
0 0.732184 0.353679 0.008556 0.044569
0 0.496577 0.400966 0.018946 0.089139
0 0.421709 0.472169 0.019558 0.111967
0 0.292140 0.426512 0.019558 0.101096
0 0.057145 0.585223 0.028725 0.081529