0 0.802098 0.370399 0.009430 0.045074
0 0.766148 0.423334 0.016502 0.064991
0 0.719884 0.398177 0.014734 0.077569
0 0.700436 0.534447 0.031235 0.125788
0 0.584041 0.541785 0.030646 0.146753
0 0.601132 0.362013 0.010608 0.063942
0 0.558404 0.405514 0.015912 0.083859
0 0.530116 0.434865 0.024163 0.081762
0 0.526285 0.506669 0.027110 0.135222
0 0.478548 0.350482 0.014144 0.063942
0 0.389262 0.377736 0.017091 0.074425
0 0.316478 0.423334 0.011787 0.096438
0 0.311469 0.384026 0.012376 0.040881
0 0.115512 0.501952 0.029467 0.123692