0 0.790429 0.362826 0.008801 0.046961
0 0.784378 0.403917 0.013201 0.056744
0 0.786579 0.473870 0.019802 0.092944
0 0.665292 0.601545 0.030253 0.168277
0 0.625688 0.422506 0.015952 0.090008
0 0.636964 0.360381 0.009901 0.049896
0 0.643839 0.353043 0.009351 0.046961
0 0.588559 0.370164 0.013201 0.059680
0 0.565732 0.408320 0.017052 0.087073
0 0.509901 0.368207 0.015402 0.055766
0 0.477998 0.392666 0.019802 0.079247
0 0.739824 0.389731 0.013201 0.057723
0 0.452145 0.404406 0.017602 0.087073
0 0.324257 0.473380 0.030253 0.111532