0 0.426403 0.383148 0.011881 0.059875
0 0.421782 0.369646 0.015842 0.070441
0 0.496040 0.383148 0.016502 0.076312
0 0.512871 0.437153 0.027723 0.092748
0 0.469637 0.530488 0.032343 0.145579
0 0.389439 0.445371 0.021122 0.099792
0 0.366997 0.408976 0.021122 0.092748
0 0.330033 0.497028 0.022442 0.118576
0 0.306931 0.437740 0.021122 0.105662
0 0.132343 0.430109 0.016502 0.095096
0 0.025413 0.583906 0.032343 0.153797
0 0.778771 0.371478 0.007452 0.046393
0 0.766794 0.422132 0.014372 0.070063
0 0.625466 0.401302 0.015969 0.079531