0 0.632140 0.400584 0.020310 0.081279
0 0.683549 0.516293 0.024118 0.114016
0 0.578510 0.581767 0.038715 0.174975
0 0.486799 0.540564 0.036811 0.137722
0 0.513455 0.411873 0.020310 0.094825
0 0.469980 0.381393 0.018406 0.085794
0 0.390010 0.404535 0.018406 0.075634
0 0.371287 0.498231 0.031734 0.118531
0 0.350977 0.481298 0.017771 0.116273
0 0.339553 0.450254 0.016502 0.079021
0 0.108530 0.457592 0.017771 0.109500
0 0.023166 0.612811 0.024752 0.158042
0 0.786120 0.372063 0.008251 0.044841
0 0.766639 0.422204 0.018794 0.075007