0 0.018564 0.470129 0.018977 0.098324
0 0.049917 0.525162 0.023927 0.114467
0 0.059818 0.459123 0.022277 0.076312
0 0.209571 0.498012 0.023102 0.118870
0 0.308993 0.709337 0.053630 0.215727
0 0.245462 0.409961 0.022277 0.089519
0 0.281353 0.375474 0.021452 0.088052
0 0.307756 0.376208 0.018152 0.080714
0 0.462459 0.490675 0.025578 0.124740
0 0.476898 0.429039 0.019802 0.110065
0 0.493812 0.423168 0.015677 0.092454
0 0.754950 0.443775 0.016502 0.091196
0 0.656825 0.383501 0.017091 0.077569
0 0.795910 0.363585 0.011198 0.054508