0 0.114077 0.824821 0.038743 0.223320
0 0.063854 0.637232 0.033003 0.164619
0 0.040895 0.610434 0.021524 0.174827
0 0.158918 0.577255 0.035156 0.151857
0 0.270125 0.588740 0.033721 0.164619
0 0.321065 0.499412 0.022241 0.149305
0 0.396757 0.417103 0.024394 0.096985
0 0.473884 0.648079 0.035156 0.191417
0 0.702396 0.697848 0.051657 0.170999
0 0.684101 0.569598 0.040895 0.139096
0 0.715311 0.525573 0.027264 0.114850
0 0.773784 0.487289 0.036591 0.107193
0 0.570742 0.425398 0.026546 0.090604
0 0.802841 0.369249 0.017219 0.047216